%%MatrixMarket matrix coordinate real general
12 12 144                                         
1 1 0.4886549410091714
1 2 -0.0005668328646429254
1 3 0.09116317827180938
1 4 -0.06811114023180401
1 5 0.060048040884534894
1 6 0.019359225204118306
1 7 0.020735153607137416
1 8 0.28735071536025275
1 9 0.5613287063978726
1 10 -0.30136412681739894
1 11 0.4468094909333647
1 12 -0.23608530885451967
2 1 0.3921142865004682
2 2 0.033536460709453465
2 3 -0.002360544595179032
2 4 -0.06728765234747973
2 5 0.060217873485433726
2 6 -0.3838788419829588
2 7 -0.5615988643168727
2 8 -0.5654959694840171
2 9 0.03469433325153704
2 10 -0.21355734033881973
2 11 -0.06201760518341586
2 12 -0.0613493321649992
3 1 0.09659505860294955
3 2 -0.6762619727577717
3 3 -0.11648107203419075
3 4 -0.21034894790800976
3 5 -0.662083446804124
3 6 -0.011119392742930105
3 7 0.06532761786241303
3 8 -0.09575491302394082
3 9 -0.06620226280203764
3 10 -0.06416516034370894
3 11 0.12181658742906196
3 12 0.016449863261218074
4 1 0.43242236643761645
4 2 0.10205297899978949
4 3 -0.21489409807902815
4 4 0.4907640459322161
4 5 -0.22617665157863023
4 6 0.22858002991840362
4 7 0.24199965413176291
4 8 -0.1725171765134332
4 9 0.06079152545756223
4 10 -0.07517950995309831
4 11 -0.3786808343858303
4 12 -0.41363003409874616
5 1 0.5853602565726232
5 2 0.12438921968975122
5 3 -0.09251009934758081
5 4 0.20435323548152964
5 5 -0.10025587692315921
5 6 0.052095123060125655
5 7 0.12108931716473575
5 8 -0.0002856769326455381
5 9 0.11199978201915818
5 10 -0.12184932563111582
5 11 -0.05480616520810793
5 12 0.7305748124567489
6 1 0.4671166165996011
6 2 -0.07967715328393649
6 3 0.09839730531933467
6 4 -0.2914290116885872
6 5 -0.013215959869759833
6 6 -0.018178294833085012
6 7 -0.11929624619785775
6 8 0.11318666704148198
6 9 0.3146751931522036
6 10 0.6753434753594644
6 11 -0.31226004299615695
6 12 -0.026022488237951422
7 1 0.4697902876996346
7 2 0.1466357600514622
7 3 -0.1601996653722602
7 4 0.23258807248729757
7 5 -0.047361769386663366
7 6 0.014139912658420312
7 7 -0.11115844325335696
7 8 0.006237208124681597
7 9 -0.4315073870059292
7 10 0.3983987656980313
7 11 0.5574330248792757
7 12 -0.08685585662981427
8 1 0.054863717756631576
8 2 -0.5235139403733456
8 3 -0.6141574159160659
8 4 0.1023134721745507
8 5 0.572567790568179
8 6 0.01430868806907731
8 7 -0.027713593679071905
8 8 0.056168058675390105
8 9 0.03800008303860392
8 10 0.010525083507653951
8 11 -0.032969692070529986
8 12 0.0257382374340797
9 1 0.051991757312638005
9 2 -0.4727151416101169
9 3 0.6591448790013354
9 4 0.5317471941135469
9 5 0.16810160930898882
9 6 0.05828685384440708
9 7 -0.1402480079727807
9 8 0.025877613757234543
9 9 -0.036392258836201494
9 10 0.04253839845245094
9 11 -0.01131137820969079
9 12 0.03679239000391324
10 1 0.3132087391731638
10 2 -0.06078812659845161
10 3 0.22229913755702732
10 4 -0.4071909777224965
10 5 0.2994585745062406
10 6 0.5501132259840706
10 7 0.26601322736431127
10 8 -0.43247762588464433
10 9 -0.1534572046762479
10 10 -0.05785324993482712
10 11 0.07676290509580666
10 12 -0.009751995061635365
11 1 0.34953958809062025
11 2 -0.06325607009066765
11 3 0.16013832312465517
11 4 -0.10200623141020958
11 5 0.17151705647433982
11 6 -0.6499811439816284
11 7 0.5660792198985581
11 8 0.03922686524642295
11 9 -0.22492723110842
11 10 -0.043194162640652976
11 11 -0.0712125000960641
11 12 -0.07977442367617486
12 1 0.43498443716603347
12 2 -0.003936967304284352
12 3 0.04098510916005106
12 4 -0.21852899468645567
12 5 0.004629894112972384
12 6 0.1511041211498945
12 7 -0.31307969984490647
12 8 0.521527919490184
12 9 -0.43940161852539217
12 10 -0.3015369092071722
12 11 -0.2821300848769228
12 12 -0.06984628579911996
